# NonGraySMRT phonon parameters
# Values listed per polarization index
polarization 0
  W_row0 2.58968592e+12 7.66863751e+12 1.26136954e+13 1.74248597e+13 2.21021302e+13 2.66455071e+13 3.10549903e+13 3.53305798e+13 3.94722756e+13 4.34800777e+13 4.73539862e+13 5.10940010e+13 5.47001221e+13 5.81723496e+13 6.15106833e+13 6.47151234e+13 6.77856698e+13 7.07223225e+13 7.35250815e+13 7.61939469e+13
  W_row1 1.02917969e+14 1.00240095e+14 9.75622214e+13 9.48843478e+13 9.22064742e+13 8.95286006e+13 8.68507270e+13 8.41728534e+13 8.14949798e+13 7.88171062e+13 7.61392326e+13 7.34613590e+13 7.07834854e+13 6.81056118e+13 6.54277382e+13 6.27498646e+13 6.00719910e+13 5.73941174e+13 5.47162438e+13 5.20383702e+13
  K 2.89281091e+08 8.67843274e+08 1.44640546e+09 2.02496764e+09 2.60352982e+09 3.18209201e+09 3.76065419e+09 4.33921637e+09 4.91777856e+09 5.49634074e+09 6.07490292e+09 6.65346510e+09 7.23202729e+09 7.81058947e+09 8.38915165e+09 8.96771384e+09 9.54627602e+09 1.01248382e+10 1.07034004e+10 1.12819626e+10
  invKn 2.13735611e+08 1.87880358e+09 5.10701637e+09 9.81161438e+09 1.59212197e+10 2.33751656e+10 3.21194565e+10 4.21033161e+10 5.32762827e+10 6.55858113e+10 7.89753443e+10 9.33828126e+10 1.08739531e+11 1.24969456e+11 1.41988760e+11 1.59705713e+11 1.78020811e+11 1.96827145e+11 2.16010966e+11 2.35452432e+11
  Vg 8.89428756e+03 8.66286269e+03 8.43143782e+03 8.20001294e+03 7.96858807e+03 7.73716320e+03 7.50573832e+03 7.27431345e+03 7.04288858e+03 6.81146370e+03 6.58003883e+03 6.34861396e+03 6.11718909e+03 5.88576421e+03 5.65433934e+03 5.42291447e+03 5.19148959e+03 4.96006472e+03 4.72863985e+03 4.49721497e+03
  D 4.76649550e+11 4.40444745e+12 1.25703891e+13 2.53333076e+13 4.30937210e+13 6.63000669e+13 9.54560895e+13 1.31129638e+14 1.73963196e+14 2.24686567e+14 2.84132221e+14 3.53254015e+14 4.33150147e+14 5.25091541e+14 6.30557188e+14 7.51278546e+14 8.89295810e+14 1.04702994e+15 1.22737582e+15 1.43382425e+15
  HeatCap 6.57847130e-12 6.06171212e-11 1.72068862e-10 3.44083075e-10 5.79517323e-10 8.81056189e-10 1.25134600e-09 1.69314352e-09 2.20947794e-09 2.80382669e-09 3.48030763e-09 4.24389150e-09 5.10064135e-09 6.05798798e-09 7.12505411e-09 8.31304468e-09 9.63572666e-09 1.11100308e-08 1.27568197e-08 1.46018857e-08
polarization 1
  W_row0 1.49402763e+12 4.36860799e+12 7.09188849e+12 9.66386913e+12 1.20845499e+13 1.43539308e+13 1.64720119e+13 1.84387931e+13 2.02542745e+13 2.19184560e+13 2.34313376e+13 2.47929194e+13 2.60032013e+13 2.70621834e+13 2.79698656e+13 2.87262479e+13 2.93313304e+13 2.97851130e+13 3.00875958e+13 3.02387787e+13
  W_row1 5.90046058e+13 5.59786086e+13 5.29526114e+13 4.99266143e+13 4.69006171e+13 4.38746199e+13 4.08486228e+13 3.78226256e+13 3.47966284e+13 3.17706313e+13 2.87446341e+13 2.57186370e+13 2.26926398e+13 1.96666426e+13 1.66406455e+13 1.36146483e+13 1.05886511e+13 7.56265397e+12 4.53665680e+12 1.51065964e+12
  K 2.89281091e+08 8.67843274e+08 1.44640546e+09 2.02496764e+09 2.60352982e+09 3.18209201e+09 3.76065419e+09 4.33921637e+09 4.91777856e+09 5.49634074e+09 6.07490292e+09 6.65346510e+09 7.23202729e+09 7.81058947e+09 8.38915165e+09 8.96771384e+09 9.54627602e+09 1.01248382e+10 1.07034004e+10 1.12819626e+10
  invKn 1.05381014e+10 3.08144347e+10 5.00262829e+10 6.81769728e+10 8.52700784e+10 1.01308755e+11 1.16295287e+11 1.30230816e+11 1.43115223e+11 1.54947132e+11 2.95973490e+09 3.20164124e+09 3.43136999e+09 3.64499291e+09 3.83832505e+09 4.00718586e+09 4.14765010e+09 4.25627614e+09 4.33030121e+09 4.36779504e+09
  Vg 5.09924495e+03 4.83773484e+03 4.57622473e+03 4.31471463e+03 4.05320452e+03 3.79169441e+03 3.53018431e+03 3.26867420e+03 3.00716409e+03 2.74565399e+03 2.48414388e+03 2.22263377e+03 1.96112367e+03 1.69961356e+03 1.43810345e+03 1.17659335e+03 9.15083239e+02 6.53573133e+02 3.92063026e+02 1.30552919e+02
  D 8.31389393e+11 7.88698115e+12 2.31602380e+13 4.81453510e+13 8.47221278e+13 1.35288972e+14 2.02954964e+14 2.91824155e+14 4.07428185e+14 5.57406142e+14 7.52613834e+14 1.00901615e+15 1.35109346e+15 1.81839277e+15 2.47922659e+15 3.46264009e+15 5.04519124e+15 7.94606753e+15 1.48032787e+16 4.93915870e+16
  HeatCap 1.14771814e-11 1.08779293e-10 3.18894113e-10 6.61374675e-10 1.16053041e-09 1.84721353e-09 2.76138211e-09 3.95587429e-09 5.50213068e-09 7.49916457e-09 1.00881743e-08 1.34774465e-08 1.79871569e-08 2.41355029e-08 3.28187807e-08 4.57315693e-08 6.65073457e-08 1.04597362e-07 1.94672929e-07 6.49215278e-07
HeatCapV 1.02243942e+18
